861
-0.0315068 -0.0162091 0.194679
0.0275911 -0.00338414 -0.192389
0.254726 -0.0129855 -0.225849
-0.19048 -0.000540693 -0.319182
-0.0508583 -0.0129855 -0.0458586
-0.0350774 -0.0119758 -0.130908
0.222869 -0.00449121 0.0628059
0.354046 -0.0133229 -0.318501
1.08645 0.150806 -0.0805195
0.514452 -0.0144102 -0.47811
-0.320941 -0.0808787 -0.317301
0.0964593 -0.0113087 -0.039142
0.0923908 -0.00586083 0.323454
0.321381 -0.00431682 0.176091
0.00826321 -0.00501369 0.0558584
0.152208 -0.0118797 -0.0466487
-0.361204 0.00713222 0.315539
-0.122852 -0.00455147 -0.0147562
-0.521328 0.0201076 0.474851
-0.305055 -0.000615585 -0.0850632
0.0386935 -0.00831529 0.250341
-0.486433 -0.072503 -0.481867
-0.120263 0.00720826 -0.00318149
-0.114581 -0.00922069 -0.141336
1.81033 0.207181 0.327177
-0.152207 -0.0188611 -0.127255
1.13919 0.157859 -0.453425
1.08819 0.157099 -0.703131
1.23219 0.169591 -0.66788
1.10473 0.163092 -1.28126
0.919009 0.0689132 -1.27045
1.01592 0.153087 -1.0724
1.06152 0.155231 -0.823219
1.4401 0.190642 -0.779822
1.29339 0.181827 -0.973196
-0.343158 0.000387928 0.183909
0.990987 0.145107 -1.19779
1.1534 0.169647 -1.03543
1.12983 0.160395 -1.15619
0.854396 0.12696 -1.2521
1.27077 0.176442 -0.429309
1.28691 0.166501 0.515908
1.27363 0.173382 -1.09941
0.241722 -0.0252071 -0.221942
1.46392 0.193806 -0.786008
1.08018 0.150188 -0.058665
1.04628 0.150884 -0.955478
1.12079 0.15471 -0.586232
1.17817 0.167852 -0.918432
1.13865 0.158438 0.420872
-0.164303 0.0210138 0.312968
1.08412 0.126524 -0.0789943
0.146165 -0.00980309 0.325973
1.24752 0.170598 -0.544544
1.16906 0.157744 0.539115
1.22581 0.162765 -1.33788
1.19507 0.156029 0.664842
1.47329 0.188299 -0.660297
1.40389 0.179528 -1.29074
-0.182302 -0.00885718 -0.0718931
1.32233 0.179083 -0.850695
1.43187 0.197493 -0.909027
1.34511 0.181618 -0.72866
1.51652 0.192769 -0.409091
1.20737 0.163629 -0.798283
1.25278 0.165177 -1.22833
1.36243 0.166618 -1.28151
0.883127 0.140102 -1.10052
1.36404 0.180896 -0.599364
1.0389 0.151969 -0.940815
1.41864 0.180559 -0.361199
0.884078 0.132977 -1.12016
1.25452 0.170895 -1.21236
1.7309 0.222065 0.557293
1.13385 0.149979 0.0594705
1.19612 0.167163 -0.781992
1.5132 0.198091 -0.671736
1.56633 0.197982 0.456592
1.57825 0.203492 0.464733
1.67344 0.21214 0.429716
1.59553 0.204828 0.556152
1.92586 0.215064 0.385106
1.54875 0.198739 0.893517
1.52212 0.205742 -0.546114
1.24024 0.164586 -0.0910512
1.20325 0.168323 -0.214718
2.03923 0.157101 0.128131
1.6944 0.217899 0.984438
-0.15747 -0.0197691 -0.11521
1.38449 0.17962 0.926924
1.63026 0.206664 0.0596747
1.36865 0.17934 -0.0626335
1.70928 0.208702 0.406776
1.57293 0.199405 0.585022
1.39174 0.185651 -0.481613
1.72307 0.21908 -0.341726
1.6193 0.202824 0.556594
1.29539 0.171939 -0.305925
1.23769 0.166301 0.0529392
1.06159 0.140079 -0.259751
1.29249 0.165331 1.07606
1.91718 0.214676 0.409749
1.61644 0.205509 0.587714
1.14629 0.15203 0.198508
1.62699 0.211656 -0.746264
1.06237 0.14596 -0.244671
1.36671 0.179683 0.051838
1.63333 0.21124 -0.0552806
1.55257 0.19404 0.313061
1.14236 0.142298 0.212143
1.45436 0.199294 -0.911374
1.14738 0.158412 0.221287
1.57743 0.202858 0.438911
1.95163 0.220338 0.395006
1.40518 0.186151 0.797847
1.69008 0.217309 -0.502022
1.4763 0.203291 -0.791672
1.74682 0.211799 0.53165
1.26419 0.0656834 1.25597
1.69771 0.215251 0.558184
1.64802 0.213733 0.739262
1.6345 0.20231 0.878434
1.46716 0.195955 0.0276963
1.64975 0.210076 -0.742048
1.62998 0.217875 0.150224
1.56791 0.196202 -0.172011
1.53841 0.204935 0.350753
1.44731 0.190195 -0.111239
1.72036 0.218564 0.723966
1.55249 0.205434 -0.418741
1.56758 0.21424 -0.2992
1.77005 0.221356 0.702261
1.69489 0.22681 -0.495121
1.55156 0.19773 0.368551
1.89301 0.215999 0.412776
1.58748 0.207323 -1.0366
1.67062 0.207475 0.286414
1.75295 0.232023 0.72187
1.6322 0.206639 -0.867988
1.59155 0.20616 -1.02713
1.24287 0.161076 0.0250496
1.74394 0.220886 -0.204779
1.5773 0.201314 -1.15579
1.67385 0.21368 -0.626149
1.57079 0.186352 -1.29934
1.62908 0.207588 -0.882437
1.79071 0.227266 0.0371828
1.58016 0.198461 -1.16764
2.03182 0.228392 1.05513
1.49009 0.188001 0.127476
1.60779 0.19924 0.739786
1.67621 0.217557 0.32802
1.55743 0.19445 -1.27719
1.92786 0.238717 0.787739
1.46918 0.178926 1.17828
1.48269 0.193575 -0.115568
1.51908 0.19381 0.00444211
1.1402 0.154944 -0.328489
1.94957 0.248484 0.948603
1.26017 0.0461499 1.25774
1.46482 0.180199 1.15193
1.53725 0.192072 1.02499
1.76862 0.205327 -0.230408
1.78626 0.214667 -0.111794
1.79836 0.220224 0.0147857
1.91825 0.246012 0.8221
2.00618 0.222398 0.928174
1.66107 0.198496 0.987709
1.65288 0.210463 1.0097
1.53456 0.195989 0.120529
1.48871 0.0732172 1.8045
1.86516 0.209481 0.37728
1.79137 0.193296 0.333782
1.77273 0.223813 -0.0890877
1.70534 0.209297 1.1137
1.53862 0.0505415 1.81172
1.77069 0.222571 0.844259
1.16278 0.15522 -0.205297
1.79506 0.227599 0.965995
2.08433 -0.0112119 -1.05664
1.69659 0.213114 1.54924
1.43683 0.193254 -1.03664
1.41481 0.19179 -1.16154
1.46265 0.196274 -0.238145
1.52369 0.198237 0.768059
1.4509 0.186541 -0.238976
1.37962 0.180629 -1.15346
1.36668 0.169314 -1.15336
1.27001 0.36233 1.70649
1.45115 0.187088 1.0421
1.32483 0.307209 1.75447
1.27997 0.323423 1.7163
1.43634 0.178392 1.04478
1.76226 -0.0139894 1.88992
1.4194 0.176801 1.06793
1.41763 0.17065 1.04879
1.30421 0.169757 -0.169641
1.29462 0.164305 0.827094
1.58595 -0.00925536 1.98824
-0.253876 1.28908 0.372487
1.24861 0.158844 0.846057
1.23576 0.161553 0.8232
1.27497 0.138757 1.27623
0.358199 0.00176177 0.331014
0.3482 -0.00833685 0.132569
0.333795 -0.0116333 0.127123
0.325822 -0.0169804 -0.064363
0.321686 -0.0171931 0.104726
0.167456 -0.0241895 -0.184245
0.112816 0.00122914 0.238009
0.108485 -0.0136047 0.2374
0.099335 -0.00706879 0.243218
0.0375077 -0.0257293 0.13645
0.0243062 -0.0170174 0.153444
0.0105043 -0.0144181 0.147437
-0.00249546 -0.0187737 0.169731
-0.0646945 -0.00909927 0.0272962
-0.0569838 -0.0317001 0.00550319
-0.0672204 -0.0138966 0.0600297
-0.0905531 -0.00386646 0.0466883
-0.119483 -0.0138477 -0.315793
-0.1982 -0.0193705 0.0643453
-0.21302 -0.00291028 0.0665291
1.34538 0.0998014 1.29293
1.13057 0.162668 -0.463226
1.14621 0.104448 -0.0605769
0.502068 -0.0183281 -0.456283
0.463262 0.0139235 0.435508
0.311194 -0.0107658 -0.280131
0.3005 -0.0110814 0.105389
0.283749 -0.059661 0.260531
-0.0257709 -0.00678587 0.163156
-0.194368 -0.0379701 -0.295308
-0.296249 -0.0128763 0.152274
-0.316523 -0.017899 0.0508149
-0.340698 -0.000859086 0.295076
-0.328784 0.00850527 -0.302566
1.77186 0.220266 -0.113358
1.76823 0.224692 -0.0901177
1.75365 0.214545 -0.215943
1.81913 0.203341 0.305958
1.91678 0.123565 0.358276
1.65488 0.207402 -0.742146
1.76203 0.225151 0.711014
1.62953 0.20396 -0.884052
1.74176 0.216602 0.5475
1.60929 0.193958 -1.04657
1.70627 0.214569 0.408267
1.70066 0.21943 0.443733
1.58053 0.193743 -1.16946
1.70796 0.209596 0.556519
1.64932 0.201951 -0.0507679
1.68614 0.195575 0.252377
1.66581 0.210268 0.291804
1.67472 0.210021 0.428009
1.60967 0.206233 -0.188902
1.58976 0.219722 -0.167554
1.64089 0.201588 0.0612855
1.69253 0.217922 0.989423
1.58048 0.20844 -0.29828
1.67372 0.209678 0.860218
1.57814 0.190502 -0.42481
1.58745 0.201101 -0.0459294
1.64123 0.21095 0.738018
1.52381 0.206068 -0.538801
1.60658 0.210015 0.573215
1.63812 0.21044 0.98849
1.50618 0.197145 -0.671627
1.53513 0.199061 -0.287598
1.58341 0.203678 0.435732
1.57655 0.208585 0.460065
1.62524 0.196179 0.777772
1.63378 0.197456 0.8812
1.48909 0.193439 -0.790461
1.52384 0.188285 -0.414303
1.45169 0.200032 -0.906382
1.4926 0.182992 -0.660703
1.48305 0.196168 -0.529084
1.54137 0.19292 0.120798
1.55109 0.194387 0.31404
1.44235 0.188633 -1.04062
1.52671 0.184947 0.00792351
1.5633 0.206447 1.00918
1.4079 0.194706 -1.15782
1.43405 0.191726 -0.776743
1.48437 0.192787 -0.118189
1.54793 0.199649 0.892972
1.3899 0.189555 -1.28683
1.40982 0.190938 -0.90231
1.48015 0.188205 0.0152385
1.49472 0.184689 0.129511
1.52937 0.193044 0.76685
1.40108 0.180199 -1.02585
1.444 0.187974 -0.236081
1.52107 0.196413 1.02547
1.37724 0.180046 -1.14611
1.42918 0.182064 -0.351387
1.43687 0.187902 -0.110481
1.35336 0.179865 -1.27266
1.40239 0.18031 -0.483553
1.49727 0.17682 0.790207
1.54394 0.196538 1.96843
1.34597 0.183797 -0.722213
1.36541 0.178062 -0.606288
1.44808 0.193455 1.04235
1.48748 0.170643 1.18842
1.51304 0.185689 1.93796
1.33132 0.17735 -0.856012
1.42881 0.187682 0.914544
1.29919 0.182487 -0.97494
1.38008 0.168329 -0.0555392
1.36662 0.184097 0.0837073
1.52848 0.155373 1.95227
1.38831 0.192668 1.0486
1.27491 0.172101 -1.10166
1.38729 0.177127 0.9317
1.25277 0.173575 -1.21541
1.31423 0.169479 -0.175325
1.32623 0.169814 -0.0497398
1.36145 0.178812 0.814886
1.28537 0.16954 -0.422391
1.29604 0.167588 -0.303077
1.23835 0.172374 -0.542874
1.55094 0.0438134 1.85984
1.22537 0.167896 -0.667529
1.2942 0.163846 0.521622
1.43206 0.112286 1.79218
1.3586 0.16565 1.76479
1.20752 0.164345 -0.788603
1.23823 0.168858 -0.0994216
1.27957 0.17191 0.81616
1.65067 -0.0558209 2.07966
1.17581 0.169801 -0.915895
1.24145 0.160259 0.0257589
1.2695 0.173447 1.06638
1.46583 0.0555496 1.82088
0.649416 0.641391 1.15339
1.14757 0.165488 -1.02846
1.1906 0.159179 -0.343866
1.20119 0.158479 -0.0809783
1.23758 0.163463 0.83247
1.28233 0.140395 1.27076
1.13048 0.162851 -1.16122
1.15266 0.16497 -0.206028
1.15603 0.144988 -0.46277
1.19363 0.151926 0.6624
0.54485 0.673819 1.20681
1.11893 0.15647 -0.576599
1.13578 0.153204 -0.333538
1.14591 0.161273 0.219872
1.17774 0.149375 0.547598
1.09913 0.155091 -0.706281
1.13801 0.159362 0.42457
1.11879 0.153793 0.0700651
1.25338 0.0788026 1.25903
1.06762 0.15189 -0.822105
1.04726 0.153085 -0.954327
1.09746 0.142151 -0.0747855
1.28645 0.0152539 1.2677
1.01904 0.148464 -1.07435
1.06672 0.137886 -0.257581
0.991073 0.156434 -1.18874
0.883538 0.135226 -1.11435
0.510741 -0.0201683 -0.477015
0.347117 -0.00423484 0.163717
0.349132 -0.0116515 0.325969
0.339625 0.0010894 -0.0946248
0.346877 -0.0110343 -0.0563189
0.323749 -0.00218996 0.123085
0.32116 -0.00446533 -0.0860308
0.340666 -0.0327966 -0.0647546
0.332195 -0.0271497 0.108043
0.309459 0.00145272 0.17479
0.296659 -0.0236844 0.0857029
0.279666 -0.0045422 0.142699
0.233604 -0.00735368 0.0657514
0.0258764 0.198713 0.108555
0.162056 -0.0232881 0.29825
0.151479 -0.00889411 0.323094
0.157138 -0.0100835 -0.0476799
0.172023 -0.077844 0.0921638
0.0915486 -0.00775075 0.240904
0.0923348 -0.0110352 0.319357
0.0992864 -0.0140993 -0.0349924
0.08674 -0.0172747 0.340827
0.0514223 -0.0182371 0.252177
-0.0516089 0.128807 0.421099
0.0246676 -0.0129139 0.0939159
0.0585199 -0.0754587 -0.0421085
0.0221615 -0.0187675 0.0688137
0.0090265 -0.00651346 0.137238
0.00384828 -0.0152829 0.15811
-0.00434884 -0.0170896 0.33813
0.0119188 -0.0619087 0.124158
-0.0156532 -0.0288217 0.133211
-0.0351373 -0.00584234 0.13754
-0.0277766 -0.027494 0.187956
-0.0387811 -0.01776 0.158036
-0.0388148 -0.0153666 -0.0414914
-0.0645692 -0.00911501 0.0218697
-0.0653396 -0.0115243 0.0530071
-0.124512 0.0503119 0.310239
-0.0789459 -0.0236415 0.0534698
-0.109503 0.0143321 -0.00450596
-0.10314 -0.00357879 -0.283461
-0.117242 -0.00649323 -0.0171755
-0.115963 -0.0120667 0.0343398
-0.136935 -0.00409203 0.322538
0.0532251 -0.350275 -0.230931
-0.146371 -0.0214928 0.308275
-0.0845072 -0.181568 0.230646
-0.1827 0.0367282 0.00220477
-0.184004 -0.00447355 0.321846
-0.269759 0.250757 -0.269781
-0.175018 -0.015861 0.0149955
-0.175669 -0.0159154 -0.108371
-0.223872 0.0505252 0.0400731
-0.24935 0.00913551 0.327761
-0.240463 0.00558232 0.0989873
-0.278898 0.00833423 0.329093
-0.275487 0.0156389 0.0878592
-0.278717 0.00749962 0.103033
-0.358516 0.00585468 0.318313
-0.349363 -0.00577183 -0.31976
-0.501846 0.0018062 -0.473434
1.56624 0.200316 -0.42977
1.55098 0.19301 -0.285947
1.56241 0.198436 -0.172806
1.60032 0.207118 0.564717
1.59905 0.211591 0.75614
1.46327 0.19528 -0.911594
1.48058 0.203059 -0.53638
1.52047 0.189032 -0.412899
1.54696 0.198125 0.343658
1.57855 0.188426 0.466241
1.44364 0.191262 -0.775002
1.48536 0.175963 -0.660116
1.40034 0.184988 -1.02231
1.424 0.179647 -0.909211
1.44708 0.185896 -0.23902
1.45427 0.19085 -0.11299
1.46936 0.190014 0.0158275
1.48086 0.194636 0.127505
1.37564 0.179019 -1.15248
1.43556 0.174076 -0.350225
1.36616 0.17028 -0.728179
1.38473 0.169612 -0.61036
0.438821 0.89593 0.956107
1.32513 0.177887 -0.845158
1.39006 0.164717 -0.0488785
1.36774 0.182661 0.0746881
1.2812 0.171068 -1.09966
1.28331 0.181551 -0.970163
1.3791 0.162461 0.820417
1.46721 0.111039 1.77626
1.20783 0.164596 -0.791883
1.17307 0.169715 -0.918664
7.62452 -4.38481 7.43366
9.30408 -5.59457 9.53751
1.13772 0.15724 -1.16269
1.14346 0.164618 -1.04141
1.26683 0.139445 0.844444
2.94185 -1.04893 3.41232
4.13035 -2.01159 4.65959
1.09353 0.160482 -0.707823
1.14491 0.157626 0.202312
1.07126 0.151238 -0.82165
1.04269 0.15086 -0.943204
1.0146 0.149164 -1.07539
0.87879 0.141762 -1.10967
0.319763 -0.0414233 -0.0599369
0.25911 -0.0393581 -0.0848378
0.086396 -0.00456519 -0.0152263
0.0341919 0.00851297 -0.19153
-0.0323313 -0.0147459 -0.123533
-0.0395946 -0.00979355 -0.0455072
-0.0641787 -0.0222834 -0.112131
-0.0991687 -0.0302873 -0.0485899
-0.179721 0.0173508 0.0333988
-0.15449 -0.103107 -0.045617
-0.486049 0.0222653 0.459138
-0.513974 0.00691067 0.473661
0.263122 0.00713966 0.0168725
2.03603 0.232019 0.14729
2.28116 -0.0197318 -1.52064
2.28885 -0.0183342 -1.43248
2.28813 -0.0276467 -1.45809
2.23111 -0.0248464 -1.48257
2.22869 -0.00999632 -1.28286
1.82633 0.223788 1.08675
1.33834 0.169596 -1.39776
0.343177 -0.0058023 0.319896
0.0898956 0.00176323 0.306018
0.0517164 0.0108381 -0.177598
-0.117945 -0.00240918 -0.0990992
-0.121774 0.000248383 -0.0836536
-0.128689 -0.0142565 -0.0780503
-0.306698 0.00378131 0.140016
-0.444635 -0.00271878 -0.400363
2.02122 0.169407 0.119877
2.07348 0.146097 0.191271
2.04465 0.16423 0.214144
2.02009 0.231494 1.05975
1.98206 0.232295 0.956541
1.67602 0.211595 -0.632719
1.56781 0.192015 -1.2854
1.10072 0.16157 -1.2817
0.850906 0.13144 -1.23772
0.499695 -0.0076157 0.481632
0.34794 -0.0129743 -0.316397
0.24073 -0.0729347 -0.191019
0.174422 -0.00393484 -0.192307
0.187918 -0.0350536 -0.223562
-0.127438 0.424732 -0.223238
-0.12458 -0.0125111 -0.333775
-0.188603 -0.00760275 -0.320718
-0.195531 -0.0282912 -0.327896
-0.339893 -0.00225718 -0.331347
-0.348632 -0.00295909 -0.317678
-0.506055 0.00294505 -0.475296
0.489546 0.00106177 0.470332
0.33358 -0.00263773 -0.312218
-0.128999 0.0225041 0.309494
-0.134286 -0.309445 0.199085
2.34769 -0.0091931 -1.35506
2.35034 -0.0136566 -1.33593
2.15732 -0.0191574 -1.6521
2.06147 0.155806 0.212202
0.50795 -0.00793452 0.480985
0.352974 -0.0146046 -0.0635356
0.215177 0.0396771 -0.106596
0.244871 -0.00485402 -0.226092
-0.522039 0.0185875 0.472756
2.2938 -0.0240992 -1.52362
2.28775 -0.0299464 -1.4573
2.17325 -0.0235449 -1.64227
1.53365 0.19527 -1.40186
0.985127 0.147316 -1.19757
0.344424 -0.00497816 0.166332
0.319966 -0.00740888 0.171596
0.330318 -0.0298963 -0.0724881
0.0330814 -0.00641834 -0.193065
-0.287877 -0.00573041 -0.0803755
-0.360699 -0.021086 0.184621
1.99772 0.225975 0.945881
0.368035 -0.052917 -0.0704096
0.348677 -0.0320924 -0.0352985
0.332598 -0.012532 0.0795287
0.336045 -0.0193798 0.142685
0.327893 -0.0674135 -0.0746306
0.274499 -0.00646736 0.128864
0.241286 0.00548012 0.0843015
-0.0973186 -0.00368954 -0.307271
1.32794 0.088917 1.28714
0.434269 0.00822126 0.45727
0.317265 -0.0177362 0.0188046
0.11868 0.00174753 0.257707
0.064335 -0.0593142 -0.0405906
0.00748444 -0.0214174 -0.0270718
-0.031326 -0.0146554 -0.127232
-0.0496224 -0.0116753 -0.137842
-0.0503501 -0.0213249 -0.124611
-0.201074 0.00734098 0.267589
-0.177835 0.00410703 -0.311047
-0.181444 -0.0129227 -0.317817
-0.224975 0.0340092 -0.332209
1.91917 0.205582 0.397833
1.69859 0.210582 0.987333
1.66203 0.198977 0.995277
1.56296 0.207965 1.00621
1.47182 0.18361 1.04208
1.47699 0.171853 1.16134
1.4123 0.177414 1.05175
1.2849 0.166923 1.06908
1.19946 0.154213 0.668399
1.28744 0.0811592 2.09981
-0.0342276 -0.012574 -0.125964
-0.203837 -0.00926288 -0.333165
1.44343 0.139475 1.73057
1.48358 0.0896644 1.82381
1.61942 -0.0988171 2.31268
1.48283 -0.0453743 2.27504
1.3524 -8.29991e-005 2.23976
-0.486615 -0.0174138 -0.473322
1.60267 -0.148494 2.42695
2.53846 -0.967555 3.66117
-0.357214 0.002854 0.0754895
-0.507335 0.0161619 0.42197
0.893275 0.0504592 2.26331
0.885092 0.0493147 2.30417
0.914027 0.0211211 2.2874
0.676422 0.0303869 2.48973
0.369535 -0.0683425 0.11763
0.117518 0.0545158 0.102684
-0.114771 -0.00723621 -0.141328
-0.157287 -0.0101609 -0.286438
1.49498 0.195394 1.95458
0.971222 0.00332882 2.3579
1.103 -0.136114 2.59324
1.2037 -0.267661 2.80421
0.865748 -0.0210343 2.45126
0.856272 -0.0300704 2.48601
0.485578 0.223501 2.15071
1.28357 -0.49316 3.30133
0.488947 0.184812 2.26622
-0.373042 0.00926346 0.0770083
-0.395671 0.0515551 -0.0270241
-0.509203 -0.00662821 0.374262
-0.535315 0.0507848 0.283835
-0.521095 0.0156062 0.18685
-0.509958 -0.00419842 0.118544
-0.48499 -0.0443405 -0.0192732
-0.506774 -0.00911288 -0.13451
-0.523608 0.0291109 -0.268427
2.17686 0.168191 0.205664
1.96928 0.27857 1.04912
0.79023 0.00262026 2.44839
0.932965 -0.158176 2.72634
0.295464 0.371524 1.92644
-0.106045 0.0136587 0.309049
-0.140304 -0.0295776 0.310385
-0.341949 0.00804164 0.29878
-0.144247 -0.400114 -0.130719
-0.481238 -0.0601036 0.203312
2.90811 0.149626 0.814238
1.83566 0.192742 0.286158
0.34508 -0.00509236 0.166332
0.340725 -0.00186872 0.118934
-0.505893 0.813137 -0.0921602
0.0565834 0.0397828 -0.204902
-0.051079 -0.0120662 0.0655644
-0.0683941 -0.00707572 0.0584858
2.96689 -0.068718 -0.321867
3.03508 -0.133769 -0.29814
1.58571 0.240628 0.121119
-0.133657 0.00557251 0.477203
-0.300031 -0.0686054 0.513924
2.64912 0.108664 0.584968
0.170046 -0.00149007 0.298246
2.98144 -0.0420452 -0.27876
1.2198 0.169092 -0.649373
-0.155189 -0.0338977 0.00353103
-0.341433 -0.00743018 0.185483
2.21501 -0.00309473 -1.28074
1.98889 0.046552 -1.04592
1.70569 0.197369 -0.626235
1.67684 0.195915 -0.751437
1.61806 0.192801 -1.03969
1.22681 0.157729 -0.223062
1.19184 0.163788 -0.343509
1.16212 0.157355 -0.205177
1.13733 0.160893 -0.33265
1.12373 0.152358 -0.584588
1.08598 0.153355 -0.0805843
1.05987 0.143111 -0.255923
0.34401 0.000374128 0.317245
0.333109 0.00177464 0.179576
0.308455 0.00827682 0.338703
0.336472 -0.100903 0.527724
0.0183483 -0.0248997 0.145496
-0.411906 0.00151987 0.479179
-0.0909685 -0.65217 0.789826
3.14919 -0.129209 -0.455638
1.75437 0.217474 -0.227584
1.77828 0.215382 -0.0976233
-0.169297 1.15272 -0.327295
1.53457 0.198131 -0.290266
1.46336 0.17703 -0.240346
1.04894 0.149786 -0.947648
-0.313895 1.06198 -0.710353
0.887572 0.135034 -1.11054
-0.0251247 -0.0211866 0.155506
-0.263408 -0.020209 0.128435
3.1876 -0.0111233 0.594531
2.76454 0.0708812 0.65279
2.93328 -0.0954448 0.611109
2.39273 0.171142 0.423417
2.20374 0.160675 0.213968
2.52794 -0.0483979 0.529128
1.79112 0.122913 -1.62514
1.55557 0.155644 -1.64386
0.866851 0.13531 -1.23977
3.67216 -2.74275 -1.85368
0.826767 -0.00958498 -1.46711
3.23795 0.615895 0.912488
3.25563 0.628324 1.07577
1.84358 0.798994 -2.01604
1.79039 0.824368 -1.96475
3.11431 0.500313 -0.327576
3.24143 0.432043 -0.248081
3.12127 0.631067 1.16442
3.12462 0.401427 -0.35607
3.2005 0.327315 -0.325212
3.13275 0.335469 -0.342533
3.09456 0.358685 -0.281988
3.08855 0.34574 -0.320314
3.10675 0.330224 -0.292559
2.61612 -0.0319862 -2.60651
2.83575 0.0411441 -0.63116
2.39522 -0.00970709 -2.55638
2.37346 -0.0258407 -2.59698
2.37801 -0.0235486 -2.54578
2.35956 -0.0400852 -2.57394
2.43919 0.0239372 -1.42392
2.42553 0.0105172 -1.414
2.39078 0.0100107 -1.44195
2.23712 0.109457 0.20441
2.0643 -0.00962138 -1.80114
2.03605 -0.0164859 -1.79352
1.98651 0.167402 0.174865
1.7415 0.170624 -1.10459
2.04323 -0.114431 -1.71343
1.60353 0.195725 -1.52045
1.78109 0.120581 -1.1093
2.03916 -0.129252 -1.72097
1.51045 0.200561 -1.58646
1.5299 0.193993 -1.40584
1.47329 0.203623 -1.59511
1.4879 0.195808 -1.5852
1.4913 0.19791 -1.55432
1.52547 0.154378 -1.65725
1.36356 0.179987 -1.53882
1.35012 0.179377 -1.53027
1.30526 0.170099 -1.52499
1.22622 0.177802 -1.51185
1.21956 0.184247 -1.492
1.16369 0.161224 -1.50407
1.09077 0.167834 -1.4841
1.08749 0.175581 -1.40948
1.08514 0.161093 -1.40389
1.06984 0.164523 -1.43153
1.06412 0.145796 -1.48377
1.06642 0.150027 -1.40572
1.03755 0.155081 -1.47176
0.950503 0.1541 -1.45537
0.95094 0.143344 -1.42536
0.827552 0.14266 -1.42643
0.822895 0.148167 -1.40715
0.825284 0.133604 -1.40324
0.814064 0.124711 -1.40827
0.834635 0.123595 -0.961898
0.795417 0.0827124 -0.970048
0.40675 -0.064539 0.534445
0.270923 0.00247533 0.329249
0.2347 -0.0413286 0.497736
0.119325 -0.0326865 0.492377
3.25592 0.373677 -0.35402
2.81002 0.0564711 -0.609157
2.91395 0.155364 0.799774
3.80879 -0.499469 -0.56091
2.91318 0.122766 0.82694
3.13001 0.0228897 0.976658
2.86768 -0.0126702 -0.521844
2.47132 -0.038065 -2.58222
2.43209 0.0261674 -1.41631
2.03379 -0.0240515 -1.78489
1.59662 0.159704 -1.65022
1.52481 0.18876 -1.64822
1.6425 0.207941 -0.746311
1.50101 0.18982 -1.58815
1.52407 0.180296 -1.56334
1.36822 0.187265 -1.40539
1.33222 0.17496 -1.39895
1.30435 0.167055 -1.52695
1.19836 0.178656 -1.49694
1.17882 0.16664 -1.4943
1.09601 0.150591 -1.48429
1.07701 0.164193 -1.45863
1.0912 0.156787 -1.41411
0.954261 0.135041 -1.45514
0.938811 0.148201 -1.42446
0.827134 0.128604 -1.41385
0.845453 0.117725 -0.958921
4.59127 -0.891549 -0.343853
3.48701 -0.0859995 1.62193
2.60133 0.301615 1.32605
2.41754 0.0354012 -1.42812
2.53738 -0.0519024 -1.50233
2.29328 0.035919 -1.50183
1.21254 0.168068 -1.49958
1.07459 0.174492 -1.40613
1.06127 0.158851 -1.46065
0.949551 0.137282 -1.45071
0.506725 -0.00526248 0.465735
0.33049 0.00452242 0.0935959
0.326511 -0.00127406 0.321052
0.174934 -0.0207001 0.322758
3.00051 0.136426 1.26617
4.33606 -0.711348 -0.350901
4.16511 -0.646843 -0.361682
2.43191 0.0985516 0.331981
2.34345 0.0192471 -1.45348
2.29615 0.076601 0.236501
2.2122 0.10953 0.193103
2.23463 -0.00124488 -1.58951
2.20573 -0.0043586 -1.57271
0.976265 0.127423 -0.317129
0.717882 0.0581407 -1.46496
0.411388 -0.109978 0.534706
0.32131 -0.0231525 0.491729
0.230584 0.0269693 -0.10658
0.225046 -0.0389205 -0.235179
0.156574 -0.0617885 0.514473
0.0110007 -0.0339281 -0.0471817
3.14116 0.0496915 1.27607
2.11077 -0.0154606 -1.07643
1.83552 0.541042 -0.499963
0.208278 -0.0201652 -0.0488814
0.111347 -0.031298 0.264373
0.00687305 -0.0198561 0.0546881
-0.171453 0.266457 0.0154328
-0.051717 -0.00954433 -0.0437796
-0.273929 0.224906 0.211193
-0.676889 1.04686 -0.319385
-0.606393 0.902419 -0.310728
-0.265763 -0.0150469 -0.0978411
1.51966 0.0395191 1.97675
1.36729 0.110567 1.84124
1.49694 0.0345328 1.94783
1.12887 0.201189 1.88542
0.214644 0.186921 0.406572
0.306668 -0.0173197 0.182135
0.321586 -0.0613876 0.144052
0.256064 0.00532689 0.123061
0.294426 -0.0455211 0.146122
0.267508 -0.016744 0.116172
0.25484 -0.00872684 0.129693
0.24629 -0.00237441 0.101439
0.216838 -0.0165048 0.0709506
0.227504 -0.224265 0.582557
-0.265427 0.23098 0.376016
-0.154042 0.00306871 0.32077
-0.377417 0.232128 0.37641
-0.409892 0.248933 0.383271
-0.392358 0.23221 0.245672
-0.120056 -0.0147836 -0.330789
-0.15929 -0.020269 0.0262553
-0.12479 -0.0177085 -0.323226
-0.0578455 -0.214463 0.574347
-0.0867839 -0.199805 0.573154
-0.242765 -0.0182481 0.501331
-0.29045 0.167962 -0.241686
-0.197927 -0.0219505 0.0147656
-0.334017 0.128144 0.00500947
-0.396441 -0.0235304 0.49221
-0.333095 -0.136895 0.546506
-0.541953 0.130129 0.424743
1.29778 0.129217 1.29057
1.27967 0.0865905 1.2831
1.26355 0.0649062 1.26857
1.25465 0.0273391 1.26192
0.32008 -0.0176727 0.171061
0.0589612 0.0949025 0.104982
0.162228 -0.0130486 -0.0419888
0.15766 -0.019141 0.0570805
0.127422 -0.0183507 -0.0273182
0.101767 -0.0150346 -0.0372609
0.035302 -0.00121287 -0.189213
-0.0988177 -0.0675301 0.220514
-0.71046 0.0515429 0.394695
-0.348662 -0.0326235 -0.0257345
